Hunt: 	35.7693258	-78.6763488
EB1:	35.7717081	-78.6748423